# logA nnu ns ombh2 omch2 tau theta_MC_100 Mb A_planck amp_143 amp_217 amp_143x217 n_143 n_217 n_143x217 calTE calEE
4.938938608739755086e-06 -1.461912831550879728e-05 -2.042277801954026931e-06 1.631932871850779163e-08 -3.523270434240745090e-07 9.054030990025610699e-07 2.438471370144887901e-08 -1.884823909076735292e-05 1.255668593441049842e-06 2.949073092754440548e-05 4.920644884680294224e-06 -5.888277311899969694e-05 2.015250992609961571e-05 7.761515160795295237e-05 2.288267616894712285e-05 9.309584260040043755e-07 2.320501521668224258e-06
-1.461912831550879728e-05 1.480560589669709017e-03 4.165509894886776951e-05 -1.007210686488518289e-07 2.068304689611815843e-05 -5.234463379462029388e-05 -2.054158042796553817e-06 1.934661454117102275e-04 1.223643638168621612e-05 2.938100629180282440e-03 3.965404014926184051e-03 7.643721341085358764e-03 -1.215369951959610964e-03 3.337220746755680846e-04 4.261655225379086098e-06 1.726897423012805621e-05 1.336643767834362108e-05
-2.042277801954026931e-06 4.165509894886776951e-05 4.975185523973399598e-06 1.252379568120737919e-08 2.768024442033686024e-07 -1.221228339979558710e-06 3.834341575995691926e-08 1.666348310369388601e-05 1.463550610909347297e-07 -9.674318874382854155e-05 -2.496811981091980699e-05 -6.101055840885324916e-05 -3.172596687159142190e-05 8.655740485304544120e-06 -1.555984525382737101e-05 2.385475065990937852e-07 7.758400690962466892e-08
1.631932871850779163e-08 -1.007210686488518289e-07 1.252379568120737919e-08 5.016324099434454926e-09 -1.512445222178131544e-08 2.373748353652406036e-08 6.209522536494732013e-09 -1.839636647731713740e-07 -1.735700038761608182e-08 -3.031849438718775119e-07 -3.288288583713713046e-06 -6.870508037624954405e-06 4.276146407630656172e-08 -8.060258108833766095e-08 -8.497544449343929835e-07 2.679360951244651174e-08 2.211067887984484488e-08
-3.523270434240745090e-07 2.068304689611815843e-05 2.768024442033686024e-07 -1.512445222178131544e-08 5.697072715540990277e-07 -9.258362697507577556e-07 -5.584296852297262281e-08 5.572001822212011729e-06 1.299631935330048482e-07 5.377792474698128461e-05 7.667523497298552038e-05 1.568440578668790449e-04 -2.868244294878672036e-05 -1.657920126890137176e-06 -1.277659736742701988e-05 8.363041445132217776e-08 -5.971523690250417757e-07
9.054030990025610699e-07 -5.234463379462029388e-05 -1.221228339979558710e-06 2.373748353652406036e-08 -9.258362697507577556e-07 2.420223805110158317e-06 1.279321058015208023e-07 -5.761445277052042801e-06 -7.223079968626760018e-07 -1.519606949742072265e-04 -1.686419486603995578e-04 -3.732182040014561664e-04 5.995009643294181199e-05 -5.765576240405813176e-06 9.489947710321276246e-06 -6.275496119691586833e-07 1.549416309284899550e-07
2.438471370144887901e-08 -2.054158042796553817e-06 3.834341575995691926e-08 6.209522536494732013e-09 -5.584296852297262281e-08 1.279321058015208023e-07 4.079915349971838260e-08 2.044227261079618820e-07 -6.332382943292659297e-08 -1.215313667719485623e-06 8.219713573366445352e-06 4.159748611964726911e-06 1.292095930751203599e-06 -2.382125274436650797e-07 2.686550982060687046e-06 -2.844018907392952128e-08 2.161703738211951461e-08
-1.884823909076735292e-05 1.934661454117102275e-04 1.666348310369388601e-05 -1.839636647731713740e-07 5.572001822212011729e-06 -5.761445277052042801e-06 2.044227261079618820e-07 2.112547606815012510e-03 -5.514099718518268437e-06 -5.134256237166648753e-04 1.055837469762328003e-03 -3.832064501177711571e-05 1.750677146705461272e-04 1.683817882872132209e-05 3.613208769329614577e-05 -9.707520732405939743e-06 -1.167716669010802450e-05
1.255668593441049842e-06 1.223643638168621612e-05 1.463550610909347297e-07 -1.735700038761608182e-08 1.299631935330048482e-07 -7.223079968626760018e-07 -6.332382943292659297e-08 -5.514099718518268437e-06 1.192225604130616204e-06 9.923233395874935480e-05 8.552021635312743802e-05 1.634234042397021203e-04 -2.407666230371794297e-05 4.035400065318266768e-05 8.010557940436896534e-06 6.553768050669655118e-07 6.025887859939362382e-07
2.949073092754440548e-05 2.938100629180282440e-03 -9.674318874382854155e-05 -3.031849438718775119e-07 5.377792474698128461e-05 -1.519606949742072265e-04 -1.215313667719485623e-06 -5.134256237166648753e-04 9.923233395874935480e-05 1.604142332382492153e-01 6.719726682589673150e-02 1.404611600552369832e-01 -4.227996472755284063e-03 7.262271130560816329e-03 7.177559661735230870e-03 1.648826113401607974e-04 -1.018259499674692935e-04
4.920644884680294224e-06 3.965404014926184051e-03 -2.496811981091980699e-05 -3.288288583713713046e-06 7.667523497298552038e-05 -1.686419486603995578e-04 8.219713573366445352e-06 1.055837469762328003e-03 8.552021635312743802e-05 6.719726682589673150e-02 1.070859134530471879e-01 1.148670224633922266e-01 -8.080412124636799504e-03 2.551475599129280573e-03 4.489713929065811474e-03 -4.640489706668726169e-05 -1.645161649812106608e-05
-5.888277311899969694e-05 7.643721341085358764e-03 -6.101055840885324916e-05 -6.870508037624953558e-06 1.568440578668790449e-04 -3.732182040014561664e-04 4.159748611964727758e-06 -3.832064501177695308e-05 1.634234042397021203e-04 1.404611600552369832e-01 1.148670224633922266e-01 2.414232479228656247e-01 -1.635534518320226269e-02 8.244661336921341871e-03 1.547900093653388487e-02 1.806350412564171814e-04 -1.122657897167313905e-04
2.015250992609961571e-05 -1.215369951959610964e-03 -3.172596687159142190e-05 4.276146407630650878e-08 -2.868244294878672036e-05 5.995009643294181199e-05 1.292095930751203599e-06 1.750677146705461272e-04 -2.407666230371794297e-05 -4.227996472755284063e-03 -8.080412124636799504e-03 -1.635534518320226269e-02 7.779265161333237186e-03 -3.218849649420452499e-04 4.372895546304540575e-03 -6.222918973345249044e-05 5.425553538213252915e-05
7.761515160795295237e-05 3.337220746755680846e-04 8.655740485304544120e-06 -8.060258108833766095e-08 -1.657920126890137176e-06 -5.765576240405814023e-06 -2.382125274436650797e-07 1.683817882872136275e-05 4.035400065318266768e-05 7.262271130560816329e-03 2.551475599129280573e-03 8.244661336921341871e-03 -3.218849649420452499e-04 4.996383172361458513e-03 2.957190131009636465e-03 6.627621300222054400e-05 6.934494758349466750e-05
2.288267616894712285e-05 4.261655225379086098e-06 -1.555984525382737101e-05 -8.497544449343929835e-07 -1.277659736742701988e-05 9.489947710321276246e-06 2.686550982060687046e-06 3.613208769329614577e-05 8.010557940436896534e-06 7.177559661735230870e-03 4.489713929065811474e-03 1.547900093653388487e-02 4.372895546304539707e-03 2.957190131009636465e-03 1.047482458144972234e-02 -2.584894462805876510e-05 9.465827725737539788e-05
9.309584260040043755e-07 1.726897423012805621e-05 2.385475065990937852e-07 2.679360951244651174e-08 8.363041445132217776e-08 -6.275496119691586833e-07 -2.844018907392952128e-08 -9.707520732405939743e-06 6.553768050669655118e-07 1.648826113401607974e-04 -4.640489706668726169e-05 1.806350412564171814e-04 -6.222918973345249044e-05 6.627621300222054400e-05 -2.584894462805877865e-05 7.214701893939266916e-06 1.397975218687529542e-06
2.320501521668224258e-06 1.336643767834361938e-05 7.758400690962482774e-08 2.211067887984482172e-08 -5.971523690250415640e-07 1.549416309284902197e-07 2.161703738211956755e-08 -1.167716669010802959e-05 6.025887859939360264e-07 -1.018259499674693071e-04 -1.645161649812110674e-05 -1.122657897167310924e-04 5.425553538213250204e-05 6.934494758349462685e-05 9.465827725737542499e-05 1.397975218687529331e-06 1.035218412493588604e-05
