# logA nnu ns ombh2 omch2 tau theta_MC_100 A_planck amp_143 amp_217 amp_143x217 n_143 n_217 n_143x217 calTE calEE
7.162879575033695587e-06 -2.085987385990751205e-05 -1.030542875885709440e-06 3.653566804169766888e-08 -3.052217407683180049e-07 2.502601515992192444e-06 1.084551628174197285e-07 7.966657974653443897e-07 -4.928802734126143913e-04 -8.212234095278591554e-04 -7.713825788905969523e-04 4.475005941891500936e-05 9.985843510688925770e-05 1.022605142508491524e-04 -1.367565852429615585e-06 -6.959366582995471371e-07
-2.085987385990751205e-05 5.177291416360553988e-04 1.665899904993270220e-05 5.098211888358018892e-07 2.617422784597102941e-06 -8.873294609693726395e-06 -1.426061399309745806e-06 -8.885448947185044808e-06 1.688275403160682071e-03 4.245472059718323303e-03 4.946508154784312605e-03 -2.587460840831288795e-04 -8.815998240034349839e-04 -4.366532990657724265e-04 2.273267802620436339e-05 1.933542159124504881e-05
-1.030542875885709440e-06 1.665899904993270220e-05 6.241405651991513404e-06 5.179342564217604368e-10 -6.234767152407525619e-07 9.983445713156273884e-07 2.595546269347172524e-08 9.275003633974873169e-08 4.915839880670343318e-05 8.716061141351675202e-05 2.745445665245535325e-05 2.577213048407900971e-06 -6.104651309091027893e-05 -1.847118161201010856e-05 1.594784346859122575e-06 -1.949802932709562039e-06
3.653566804169766888e-08 5.098211888358018892e-07 5.179342564217604368e-10 8.986486723478639744e-09 -2.159500450094878833e-09 1.583733712000512296e-08 -2.698953490418643250e-09 -1.070068851779987888e-08 -7.398447469435684422e-06 2.080928829453295373e-07 2.663423063657434048e-06 -2.679917167204697448e-06 -2.446494670069461081e-06 -2.539874356465466380e-06 -9.755052925355331394e-10 -7.749318560462974717e-08
-3.052217407683180049e-07 2.617422784597102941e-06 -6.234767152407525619e-07 -2.159500450094878833e-09 3.144815123752827382e-07 -4.354603909401516681e-07 -2.190618816026382645e-08 -1.383543401611706616e-07 -8.857222676935391372e-06 3.489888954380915406e-05 4.598128594642636691e-05 6.935281319969112849e-07 -6.503830918068846858e-06 -4.675450250264344704e-06 5.466801071995136344e-08 1.503562845892772457e-07
2.502601515992192444e-06 -8.873294609693726395e-06 9.983445713156273884e-07 1.583733712000512296e-08 -4.354603909401516681e-07 1.982134995136301619e-06 4.978526458447505778e-08 -1.783441851103276840e-08 -9.685983978540858700e-05 -2.470769653960118743e-04 -2.027465266578348964e-04 6.894272204035350676e-06 2.170439672422910172e-05 2.443804261797228070e-05 2.164271440592344724e-07 -4.101627907987795688e-07
1.084551628174197285e-07 -1.426061399309745806e-06 2.595546269347172524e-08 -2.698953490418643250e-09 -2.190618816026382645e-08 4.978526458447505778e-08 1.633753134467064649e-08 3.004747402808361216e-08 -1.060082606064681160e-05 -2.546111349506645607e-05 -2.612393499418442572e-05 1.489507152851809148e-06 3.423555730876751370e-06 2.456825705012436027e-06 -8.477522447440176124e-08 -2.231376438169500408e-08
7.966657974653443897e-07 -8.885448947185044808e-06 9.275003633974873169e-08 -1.070068851779987888e-08 -1.383543401611706616e-07 -1.783441851103276840e-08 3.004747402808361216e-08 8.189164976233858902e-07 -3.654643011633629750e-05 -1.005916248210530779e-04 -1.494201697051419908e-04 9.156760414271128382e-06 2.790861071835484925e-05 2.136479373551194568e-05 -6.311986384540818925e-07 -1.383722087681541932e-06
-4.928802734126143913e-04 1.688275403160682071e-03 4.915839880670343318e-05 -7.398447469435684422e-06 -8.857222676935391372e-06 -9.685983978540858700e-05 -1.060082606064681160e-05 -3.654643011633629750e-05 2.079985370974164194e-01 1.085353176986834089e-01 1.444067782519235510e-01 -1.054565351556882276e-03 -4.041248288965135563e-03 -1.165563669808515092e-02 3.719298583089048079e-04 1.233488311086113065e-04
-8.212234095278591554e-04 4.245472059718323303e-03 8.716061141351675202e-05 2.080928829453295373e-07 3.489888954380915406e-05 -2.470769653960118743e-04 -2.546111349506645607e-05 -1.005916248210530779e-04 1.085353176986834089e-01 2.765962054570488271e-01 2.043258116033745964e-01 -9.856505634237884214e-03 -2.207249906592246083e-02 -2.468671055787808113e-02 2.817911688469953990e-04 4.114281704369785549e-05
-7.713825788905969523e-04 4.946508154784312605e-03 2.745445665245535325e-05 2.663423063657434048e-06 4.598128594642636691e-05 -2.027465266578348964e-04 -2.612393499418442572e-05 -1.494201697051419908e-04 1.444067782519235510e-01 2.043258116033745964e-01 2.313465319512058027e-01 -1.241171063449048907e-02 -2.274600213361554352e-02 -2.057084148734256851e-02 5.091271169930043205e-04 2.698209257703154305e-04
4.475005941891500936e-05 -2.587460840831288795e-04 2.577213048407900124e-06 -2.679917167204697448e-06 6.935281319969112849e-07 6.894272204035350676e-06 1.489507152851809148e-06 9.156760414271128382e-06 -1.054565351556882276e-03 -9.856505634237884214e-03 -1.241171063449048907e-02 4.756455968414972924e-03 2.296199726493663041e-03 2.727277090263663904e-03 -2.517808535354928995e-05 3.535646158390160588e-05
9.985843510688925770e-05 -8.815998240034349839e-04 -6.104651309091027893e-05 -2.446494670069461081e-06 -6.503830918068846858e-06 2.170439672422910172e-05 3.423555730876751370e-06 2.790861071835484925e-05 -4.041248288965135563e-03 -2.207249906592246083e-02 -2.274600213361554352e-02 2.296199726493663041e-03 7.846026953378703109e-03 3.931705421842767063e-03 -1.398467746559370285e-04 2.276641131981222023e-05
1.022605142508491524e-04 -4.366532990657724265e-04 -1.847118161201010856e-05 -2.539874356465466380e-06 -4.675450250264344704e-06 2.443804261797228070e-05 2.456825705012436027e-06 2.136479373551194568e-05 -1.165563669808515092e-02 -2.468671055787808113e-02 -2.057084148734256851e-02 2.727277090263663904e-03 3.931705421842767063e-03 5.499887519535629973e-03 -4.102277832386762421e-05 5.077692801357938310e-05
-1.367565852429615585e-06 2.273267802620436339e-05 1.594784346859122575e-06 -9.755052925355331394e-10 5.466801071995136344e-08 2.164271440592344724e-07 -8.477522447440176124e-08 -6.311986384540818925e-07 3.719298583089048079e-04 2.817911688469953990e-04 5.091271169930043205e-04 -2.517808535354928995e-05 -1.398467746559370285e-04 -4.102277832386762421e-05 8.539747711626005327e-06 1.493195536753532855e-06
-6.959366582995471371e-07 1.933542159124504881e-05 -1.949802932709562039e-06 -7.749318560462974717e-08 1.503562845892772457e-07 -4.101627907987795688e-07 -2.231376438169500408e-08 -1.383722087681541932e-06 1.233488311086113065e-04 4.114281704369785549e-05 2.698209257703154305e-04 3.535646158390160588e-05 2.276641131981222023e-05 5.077692801357938310e-05 1.493195536753532855e-06 1.068001179596851011e-05
