# logA nnu ns ombh2 omch2 tau theta_MC_100 A_planck amp_143 amp_217 amp_143x217 n_143 n_217 n_143x217 calTE calEE
6.086204363842980009e-06 1.950546295368399311e-06 -2.316430379780479182e-06 1.653238632867126236e-08 1.429538885509799121e-07 2.579318076105068878e-06 -8.467627957593788488e-08 -3.096772811656435276e-07 -7.299724058023473561e-05 4.423084043932651657e-04 2.508438345547281097e-04 8.701321514176684391e-05 -8.419894468037203699e-05 9.057098279409187165e-05 -6.403847494130365479e-07 -8.595865535601566518e-08
1.950546295368399311e-06 6.416660261151993505e-04 2.016486003796545454e-05 8.003042667453437861e-07 3.424928915511440597e-06 -9.261577115995661471e-06 -8.993650794138749910e-07 2.031755307410005821e-06 5.047034334921600375e-04 3.673862611683750921e-03 1.385783851447893985e-03 4.886863440675796606e-04 1.124006233414638622e-04 2.978101459810428698e-04 2.009249843289874827e-05 -1.011469443816589294e-06
-2.316430379780479182e-06 2.016486003796545454e-05 4.746197997505679321e-06 -1.501808272033045909e-08 -8.889386900416526108e-08 -6.775782483828455056e-07 2.821389704814401995e-08 3.230817195585895824e-07 -3.831738884105090575e-04 4.590496261936950301e-05 -1.518647854669426625e-04 -4.772423406650933795e-05 2.654529873568318453e-05 -5.470921912341607490e-05 2.367151309840710112e-06 8.307114172075343584e-07
1.653238632867126236e-08 8.003042667453437861e-07 -1.501808272033045909e-08 6.306406224721400997e-09 7.259724421806790215e-10 -8.169625395365584367e-09 -4.414409353726694807e-09 3.589780700623246471e-09 5.921486031098878195e-06 2.903087305506738522e-06 1.973802465624045595e-06 2.124353705089725810e-06 -2.168525284268218801e-06 -1.696516470143904128e-06 -1.046503021362734343e-08 -9.218254166780110806e-08
1.429538885509799121e-07 3.424928915511440597e-06 -8.889386900416526108e-08 7.259724421806790215e-10 1.429783720440313643e-07 -1.088647753151182066e-07 -1.677583327727108741e-08 -2.458837043411066413e-09 5.123754913102087163e-05 3.825694152013219077e-05 2.174527252956594397e-05 1.332386734014348413e-05 1.417839892493108146e-06 7.287585172540298077e-06 6.800456544208182394e-08 -1.449877380057907707e-07
2.579318076105068878e-06 -9.261577115995661471e-06 -6.775782483828455056e-07 -8.169625395365584367e-09 -1.088647753151182066e-07 2.559101430561784952e-06 -3.248211110549652249e-08 -9.563610079761031615e-07 -2.927923747831602877e-04 2.533675076135927088e-04 1.045874310721688934e-04 2.887726832421467916e-05 -3.500656871253580125e-05 5.256518159462737890e-05 -1.352802708415665716e-07 3.163239445948241519e-07
-8.467627957593788488e-08 -8.993650794138749910e-07 2.821389704814401995e-08 -4.414409353726694807e-09 -1.677583327727108741e-08 -3.248211110549652249e-08 2.653889757377651249e-08 1.868045789816071550e-08 2.141510580768863414e-05 2.781594288461835614e-06 1.581276161837408780e-05 -3.108228204941794735e-06 1.515334441704378855e-06 -1.771778305362279637e-07 4.963614385892288554e-08 1.257805345030431101e-07
-3.096772811656435276e-07 2.031755307410005821e-06 3.230817195585895824e-07 3.589780700623246471e-09 -2.458837043411066413e-09 -9.563610079761031615e-07 1.868045789816071550e-08 8.143139376424041123e-07 9.482407844344207550e-05 -7.937485861739409197e-05 -3.186379903246684269e-05 -1.139745129131218602e-05 -5.721255224853438170e-06 -3.736595938051684830e-05 -1.613194014609540748e-07 -4.207480466211578060e-07
-7.299724058023473561e-05 5.047034334921600375e-04 -3.831738884105090575e-04 5.921486031098878195e-06 5.123754913102087163e-05 -2.927923747831602877e-04 2.141510580768863414e-05 9.482407844344207550e-05 2.669474520729749334e-01 -1.759325086017243106e-02 7.748902006486034499e-02 1.461738829906813163e-02 6.730788767517874478e-03 1.489871108563991207e-02 -4.005461363852149130e-04 -2.395053500669837472e-04
4.423084043932651657e-04 3.673862611683750921e-03 4.590496261936950301e-05 2.903087305506738522e-06 3.825694152013219077e-05 2.533675076135927088e-04 2.781594288461835614e-06 -7.937485861739409197e-05 -1.759325086017243106e-02 1.630976231422145706e-01 7.833408277560309496e-02 1.116115444517367175e-02 -1.017016844182514271e-02 5.833970101993947964e-03 3.341761717830473615e-04 2.466449374766813387e-05
2.508438345547281097e-04 1.385783851447893985e-03 -1.518647854669426625e-04 1.973802465624045595e-06 2.174527252956594397e-05 1.045874310721688934e-04 1.581276161837408780e-05 -3.186379903246684269e-05 7.748902006486034499e-02 7.833408277560309496e-02 1.232809968016856661e-01 7.284469404693454109e-04 -1.820669309135833054e-03 5.975465523545406797e-03 -1.624995318955180785e-05 -9.830652277951515644e-05
8.701321514176684391e-05 4.886863440675796606e-04 -4.772423406650933795e-05 2.124353705089725810e-06 1.332386734014348413e-05 2.887726832421467916e-05 -3.108228204941794735e-06 -1.139745129131218602e-05 1.461738829906813163e-02 1.116115444517367175e-02 7.284469404693454109e-04 8.230389345251701641e-03 -1.073869343926498908e-03 4.076583155244997356e-03 -2.233962925590044207e-06 -3.530763045222522824e-05
-8.419894468037203699e-05 1.124006233414638622e-04 2.654529873568318453e-05 -2.168525284268218801e-06 1.417839892493108146e-06 -3.500656871253580125e-05 1.515334441704378855e-06 -5.721255224853438170e-06 6.730788767517874478e-03 -1.017016844182514271e-02 -1.820669309135833054e-03 -1.073869343926498908e-03 6.890040192996325571e-03 2.622674623477911412e-03 3.357710063329177999e-05 7.166743139918166675e-05
9.057098279409185810e-05 2.978101459810428698e-04 -5.470921912341607490e-05 -1.696516470143904128e-06 7.287585172540298077e-06 5.256518159462737890e-05 -1.771778305362279637e-07 -3.736595938051684830e-05 1.489871108563991207e-02 5.833970101993947964e-03 5.975465523545406797e-03 4.076583155244997356e-03 2.622674623477911412e-03 1.017009391314452338e-02 -1.760930466540852271e-05 1.129409694335807736e-04
-6.403847494130365479e-07 2.009249843289874827e-05 2.367151309840710112e-06 -1.046503021362734343e-08 6.800456544208182394e-08 -1.352802708415665716e-07 4.963614385892288554e-08 -1.613194014609540748e-07 -4.005461363852149130e-04 3.341761717830473615e-04 -1.624995318955180785e-05 -2.233962925590044207e-06 3.357710063329177999e-05 -1.760930466540852271e-05 6.149318877780963013e-06 1.914844838854615678e-06
-8.595865535601566518e-08 -1.011469443816589294e-06 8.307114172075343584e-07 -9.218254166780110806e-08 -1.449877380057907707e-07 3.163239445948241519e-07 1.257805345030431101e-07 -4.207480466211578060e-07 -2.395053500669837472e-04 2.466449374766813387e-05 -9.830652277951515644e-05 -3.530763045222522824e-05 7.166743139918166675e-05 1.129409694335807736e-04 1.914844838854615678e-06 7.704645490088179888e-06
