# logA nnu ns ombh2 omch2 tau theta_MC_100 A_planck amp_143 amp_217 amp_143x217 n_143 n_217 n_143x217 calTE calEE
3.679303938084618343e-06 4.920595847158287401e-06 -6.394986073317363294e-07 -5.894469294622701910e-09 -1.249120303819545555e-07 7.694276690854859431e-07 9.955092625555746225e-08 7.627017341922898832e-07 5.705672138754520851e-04 4.036534401188240548e-04 3.511639920913676473e-04 2.554646536859509555e-05 -3.653370084697773990e-05 -5.099974207106478408e-05 2.485737788467294570e-06 2.062293216252369753e-06
4.920595847158287401e-06 1.054740927464059086e-03 3.660047886430944068e-05 1.328479857828589393e-06 -6.210716156034958157e-06 -2.134529748924634693e-06 -2.620378442515711221e-06 2.991088263116753675e-06 8.043076343981844442e-03 1.050890736272648042e-02 7.686706085754957569e-03 -3.124005215367859842e-04 3.470558366377327563e-04 -7.415598721915963231e-04 5.686075583637492111e-05 6.101198182356994419e-05
-6.394986073317363294e-07 3.660047886430944068e-05 5.901199084749248070e-06 3.703794037643391358e-08 -5.953144325541501150e-07 5.976899215750941628e-07 6.074916795324180684e-08 5.164478438097371928e-07 6.560570443742991947e-04 2.262708024723121655e-04 2.794679475420643283e-04 -5.338725628438309505e-05 -1.442611630671797086e-06 -1.188603365448876581e-04 2.167226961545698487e-06 1.996439253410344309e-06
-5.894469294622701910e-09 1.328479857828589393e-06 3.703794037643391358e-08 6.799776239824665488e-09 -5.696294831538165708e-09 -6.441913698107431727e-10 -5.594933227168308007e-09 -9.005023383577734565e-09 -4.990295980913067345e-06 6.422940545867954197e-07 2.768860053857515522e-06 -9.546964120060129282e-07 2.963342204391278253e-06 1.930863917116722716e-06 6.578772928205724941e-09 -4.506183331154893515e-08
-1.249120303819545555e-07 -6.210716156034958157e-06 -5.953144325541501150e-07 -5.696294831538165708e-09 2.276122048383838003e-07 -1.211929494433378311e-07 -9.913952742647612697e-09 -1.706439448738499421e-07 -1.855228971505703086e-04 -7.753921366255240373e-05 -1.069484868772737474e-04 1.186368627822133056e-05 -6.030615848195855417e-06 2.946672893716208454e-05 -7.551882176951189832e-07 -9.545994470174721098e-07
7.694276690854859431e-07 -2.134529748924634693e-06 5.976899215750941628e-07 -6.441913698107431727e-10 -1.211929494433378311e-07 9.305309629193351542e-07 6.068022811017770932e-08 -8.551409176577170973e-08 1.791944179471040147e-04 1.910218240625718351e-05 1.125506269544847727e-04 -6.223508919487480653e-06 3.084307463971200949e-05 2.115667526686018491e-05 8.047772178129490299e-07 -6.022423973268873633e-07
9.955092625555746225e-08 -2.620378442515711221e-06 6.074916795324180684e-08 -5.594933227168308007e-09 -9.913952742647612697e-09 6.068022811017770932e-08 2.755767858749498901e-08 4.504461955861724768e-08 3.321709579308239373e-05 -1.416683755311244087e-05 -6.144670806450450417e-07 7.596973703474376638e-07 -4.188812293006346863e-06 -6.321868941272936329e-06 1.195592546164618344e-08 -1.008129936347201473e-07
7.627017341922898832e-07 2.991088263116753675e-06 5.164478438097371928e-07 -9.005023383577734565e-09 -1.706439448738499421e-07 -8.551409176577170973e-08 4.504461955861724768e-08 6.786212715837805363e-07 3.224275222398135902e-04 1.771420494873085711e-04 1.509635348317627239e-04 1.095433109425016209e-06 -3.935150106379680751e-05 -7.630068564908381245e-05 6.990192961958848485e-07 1.460090374895342016e-06
5.705672138754520851e-04 8.043076343981844442e-03 6.560570443742991947e-04 -4.990295980913067345e-06 -1.855228971505703086e-04 1.791944179471040147e-04 3.321709579308239373e-05 3.224275222398135902e-04 4.627296415358816972e-01 2.537866087997938669e-01 2.657055110675201615e-01 -1.005175543726151421e-03 -1.375178475751099097e-02 -5.801392972651275154e-02 1.450273691054581584e-03 1.443818844269979806e-03
4.036534401188240548e-04 1.050890736272648042e-02 2.262708024723121655e-04 6.422940545867954197e-07 -7.753921366255240373e-05 1.910218240625718351e-05 -1.416683755311244087e-05 1.771420494873085711e-04 2.537866087997938669e-01 3.437421079213584529e-01 2.422460951509990135e-01 1.144920888922180968e-02 -1.445194578251327196e-02 -2.857708370000508827e-02 1.329489760053927452e-03 1.298838931588325871e-03
3.511639920913676473e-04 7.686706085754957569e-03 2.794679475420643283e-04 2.768860053857516369e-06 -1.069484868772737474e-04 1.125506269544847727e-04 -6.144670806450459946e-07 1.509635348317627239e-04 2.657055110675201615e-01 2.422460951509990135e-01 2.646180327085748130e-01 5.858599903126327987e-03 -3.490898634852118883e-03 -1.807357359038993735e-02 1.151261826574278202e-03 8.851324796843377781e-04
2.554646536859509555e-05 -3.124005215367859842e-04 -5.338725628438309505e-05 -9.546964120060129282e-07 1.186368627822133056e-05 -6.223508919487480653e-06 7.596973703474378755e-07 1.095433109425016209e-06 -1.005175543726151421e-03 1.144920888922180968e-02 5.858599903126327987e-03 7.017586045977838860e-03 -1.467739923863488989e-03 3.852985666673978786e-03 7.721013751593353729e-05 2.450307761439256968e-05
-3.653370084697773990e-05 3.470558366377327563e-04 -1.442611630671797086e-06 2.963342204391278253e-06 -6.030615848195855417e-06 3.084307463971200949e-05 -4.188812293006346863e-06 -3.935150106379680751e-05 -1.375178475751099097e-02 -1.445194578251327196e-02 -3.490898634852118883e-03 -1.467739923863488989e-03 1.604168300151777651e-02 9.167542562819061200e-03 -2.922804817999412520e-05 -1.537382701099575916e-04
-5.099974207106478408e-05 -7.415598721915963231e-04 -1.188603365448876581e-04 1.930863917116722716e-06 2.946672893716208454e-05 2.115667526686018491e-05 -6.321868941272936329e-06 -7.630068564908381245e-05 -5.801392972651275154e-02 -2.857708370000508827e-02 -1.807357359038993735e-02 3.852985666673978786e-03 9.167542562819061200e-03 2.145210082345324135e-02 -1.249026230707023775e-04 -3.090826887454468171e-04
2.485737788467294570e-06 5.686075583637492111e-05 2.167226961545698487e-06 6.578772928205724941e-09 -7.551882176951189832e-07 8.047772178129490299e-07 1.195592546164618344e-08 6.990192961958848485e-07 1.450273691054581584e-03 1.329489760053927452e-03 1.151261826574278202e-03 7.721013751593353729e-05 -2.922804817999412520e-05 -1.249026230707023775e-04 1.465262353965541298e-05 1.047455760063164600e-05
2.062293216252369753e-06 6.101198182356994419e-05 1.996439253410344309e-06 -4.506183331154893515e-08 -9.545994470174721098e-07 -6.022423973268873633e-07 -1.008129936347201473e-07 1.460090374895342016e-06 1.443818844269979806e-03 1.298838931588325871e-03 8.851324796843377781e-04 2.450307761439256968e-05 -1.537382701099575916e-04 -3.090826887454468171e-04 1.047455760063164600e-05 1.919721046073740911e-05
