# logA nnu ns ombh2 omch2 tau theta_MC_100 A_planck amp_143 amp_217 amp_143x217 n_143 n_217 n_143x217 calTE calEE Mb
2.253654351734908786e-04 1.102348833935137482e-03 4.404800395276873138e-05 9.924324376023658387e-07 1.400219218494735635e-05 8.550157588262578638e-05 -1.640776448777690739e-06 7.976696293007456647e-06 4.294929908127471940e-03 4.061358208776146700e-03 4.030471753077554189e-03 -1.740478273119622189e-05 -5.374406367874333618e-04 -7.345222156307408415e-04 1.161565046894228426e-06 1.097917726896144335e-05 -3.760010833742077110e-07
1.102348833935137482e-03 3.005868243346326504e-02 9.450252129758729934e-04 1.769777638344621418e-05 4.649878640763067473e-04 -2.647527934221405649e-05 -5.313447193689861464e-05 -1.257211609586033128e-05 2.107098561232530198e-01 2.066807846358238165e-01 2.077215123207800385e-01 -4.053839336129403011e-03 -2.562312454614346438e-02 -3.985392625664897076e-02 1.392847803570318856e-04 3.186833817484546771e-04 1.416677055108009040e-05
4.404800395276873138e-05 9.450252129758729934e-04 4.122875253939010926e-05 6.574716652580460216e-07 1.337195390175521415e-05 5.619360393719732938e-06 -1.533512948687971355e-06 -2.121844466115823710e-07 2.895460252673058565e-03 2.948431870294367010e-03 2.908230865127312600e-03 -8.044816962699028286e-06 -2.404172670824960786e-04 -4.237509005232334295e-04 4.738817312165273455e-06 8.842010604838688968e-06 1.241543507298399597e-06
9.924324376023658387e-07 1.769777638344621418e-05 6.574716652580460216e-07 2.602036742863108546e-08 2.434330862426332505e-07 1.488772523012799889e-07 -2.459020710532373310e-08 3.315723752647347874e-09 5.382483697857465526e-05 5.687674848180474272e-05 5.416421902113368637e-05 -2.250802450625952588e-06 -8.091625859538789667e-06 -1.272645221731573982e-05 3.722799188012728023e-08 1.979373727085527950e-08 5.218317630807216420e-08
1.400219218494735635e-05 4.649878640763067473e-04 1.337195390175521415e-05 2.434330862426332505e-07 7.751871268524015044e-06 -2.343253711020197484e-06 -8.487555270339796382e-07 -4.083406183332609648e-07 3.412692935712101274e-03 3.346409014756160979e-03 3.377519155527055478e-03 -6.500258241835231443e-05 -4.152599748414545922e-04 -6.443807308422901765e-04 1.995457265157545674e-06 4.619955542259607664e-06 -1.944408317360635939e-07
8.550157588262578638e-05 -2.647527934221406327e-05 5.619360393719734632e-06 1.488772523012799889e-07 -2.343253711020197484e-06 4.702336961796165817e-05 2.141721130072394384e-07 -1.268931691299465866e-06 -1.619921892548983585e-03 -1.568459277577312393e-03 -1.579786784435114212e-03 1.941784860700049685e-05 1.105993289231164213e-04 2.183992007811655454e-04 -1.928800105458653012e-06 -1.073338793611158376e-06 1.634130396231369474e-06
-1.640776448777690739e-06 -5.313447193689861464e-05 -1.533512948687971355e-06 -2.459020710532373310e-08 -8.487555270339796382e-07 2.141721130072394384e-07 1.535874241759616851e-07 1.118114953664861490e-08 -3.787711818091809061e-04 -3.705131095380732138e-04 -3.748107707747678477e-04 6.805793372697038037e-06 4.574034752002190026e-05 7.092569760860640941e-05 -2.444677994217504905e-07 -5.662412065876626186e-07 -1.128934389046237740e-08
7.976696293007456647e-06 -1.257211609586033128e-05 -2.121844466115823710e-07 3.315723752647347874e-09 -4.083406183332609648e-07 -1.268931691299466077e-06 1.118114953664861490e-08 5.804529300331474544e-06 1.893269655963935292e-04 8.567065222341782311e-05 5.981026555891776314e-05 -3.468276375028305999e-06 1.137826940624625890e-05 1.876448536854810988e-05 -2.265693660239252129e-07 -3.131425095570337007e-07 -3.015825493007979510e-06
4.294929908127471940e-03 2.107098561232530198e-01 2.895460252673058565e-03 5.382483697857464849e-05 3.412692935712101274e-03 -1.619921892548983585e-03 -3.787711818091808519e-04 1.893269655963935021e-04 5.003410964796142224e+00 4.435963576611957393e+00 4.616745141679294839e+00 -1.636663831882992082e-01 -7.355676747622760248e-01 -1.120113114990320513e+00 5.123431908279834713e-04 2.185487356313007591e-03 -2.239175074955520890e-03
4.061358208776146700e-03 2.066807846358238165e-01 2.948431870294367010e-03 5.687674848180474950e-05 3.346409014756160979e-03 -1.568459277577312176e-03 -3.705131095380732138e-04 8.567065222341782311e-05 4.435963576611957393e+00 4.531569054471839664e+00 4.447941431399866197e+00 -1.910734621119057897e-01 -7.426803795114710338e-01 -1.114410394785762648e+00 3.976803619995010952e-04 2.018606140589667558e-03 -1.588793691546633345e-03
4.030471753077554189e-03 2.077215123207800385e-01 2.908230865127312600e-03 5.416421902113368637e-05 3.377519155527055478e-03 -1.579786784435114212e-03 -3.748107707747678477e-04 5.981026555891780379e-05 4.616745141679294839e+00 4.447941431399866197e+00 4.561357079804953862e+00 -1.920333539454485705e-01 -7.402701807746987495e-01 -1.112642162263541623e+00 4.028337646418103288e-04 2.039647723203789724e-03 -1.821733696471051047e-03
-1.740478273119621172e-05 -4.053839336129403011e-03 -8.044816962699028286e-06 -2.250802450625952165e-06 -6.500258241835231443e-05 1.941784860700049008e-05 6.805793372697038037e-06 -3.468276375028305575e-06 -1.636663831882992082e-01 -1.910734621119057897e-01 -1.920333539454485705e-01 3.143741011512741351e-02 3.645370861936551854e-02 6.787439009461704309e-02 7.035269274348828514e-05 8.776214999164928647e-05 2.060263032055328610e-04
-5.374406367874333618e-04 -2.562312454614346438e-02 -2.404172670824960786e-04 -8.091625859538791361e-06 -4.152599748414545922e-04 1.105993289231164349e-04 4.574034752002190026e-05 1.137826940624625551e-05 -7.355676747622760248e-01 -7.426803795114710338e-01 -7.402701807746987495e-01 3.645370861936551854e-02 1.602086345821729096e-01 2.216955661520368659e-01 3.189802366734015380e-05 -1.532148108826467147e-04 3.326675167100756375e-04
-7.345222156307408415e-04 -3.985392625664897076e-02 -4.237509005232333210e-04 -1.272645221731573982e-05 -6.443807308422901765e-04 2.183992007811655725e-04 7.092569760860640941e-05 1.876448536854810649e-05 -1.120113114990320513e+00 -1.114410394785762648e+00 -1.112642162263541623e+00 6.787439009461704309e-02 2.216955661520368659e-01 3.577106272361395556e-01 3.831557993893221930e-05 -2.171606239095568997e-04 4.698795953187865412e-04
1.161565046894228426e-06 1.392847803570318856e-04 4.738817312165273455e-06 3.722799188012728023e-08 1.995457265157545674e-06 -1.928800105458653012e-06 -2.444677994217504905e-07 -2.265693660239252129e-07 5.123431908279834713e-04 3.976803619995010952e-04 4.028337646418102204e-04 7.035269274348828514e-05 3.189802366734017413e-05 3.831557993893223285e-05 1.449212555579245202e-05 6.295667613484701756e-06 7.877997178619354655e-07
1.097917726896144335e-05 3.186833817484546771e-04 8.842010604838688968e-06 1.979373727085527950e-08 4.619955542259607664e-06 -1.073338793611158376e-06 -5.662412065876626186e-07 -3.131425095570337007e-07 2.185487356313007591e-03 2.018606140589667558e-03 2.039647723203789724e-03 8.776214999164928647e-05 -1.532148108826467147e-04 -2.171606239095568997e-04 6.295667613484701756e-06 1.755326593867947716e-05 6.774605062618760374e-06
-3.760010833742077110e-07 1.416677055108013444e-05 1.241543507298399597e-06 5.218317630807216420e-08 -1.944408317360635939e-07 1.634130396231369474e-06 -1.128934389046237740e-08 -3.015825493007979510e-06 -2.239175074955520022e-03 -1.588793691546632695e-03 -1.821733696471051697e-03 2.060263032055328067e-04 3.326675167100756375e-04 4.698795953187865412e-04 7.877997178619354655e-07 6.774605062618760374e-06 2.323936105570363186e-03
