# logA nnu ns ombh2 omch2 tau theta_MC_100 A_planck amp_143 amp_217 amp_143x217 n_143 n_217 n_143x217 calTE calEE Mb
2.097021883875527422e-04 8.951121798083266391e-04 3.781003211736767670e-05 8.882992367987809889e-07 1.096636766920135506e-05 8.198094831314559137e-05 -1.279777180777856432e-06 7.762029340684478527e-06 2.914488805875058326e-03 2.828140870975365002e-03 2.614660524529370880e-03 2.994267305113669357e-05 -2.809123012525075553e-04 -3.660213915144776417e-04 6.464253049538857936e-07 6.788035742361035419e-06 -3.722784656296147695e-06
8.951121798083266391e-04 2.942498720812615834e-02 8.715278106188719190e-04 1.608581624123519834e-05 4.614029317306786926e-04 -1.054439974555851416e-04 -5.001952695856606704e-05 -2.999065074691248796e-05 2.484660351521501276e-01 2.359620138316534665e-01 2.401462822687771836e-01 -4.171891397453835956e-03 -3.129823116999126686e-02 -4.543012929046541526e-02 1.521909454016069261e-04 3.023135670660298925e-04 -4.412493537621029751e-05
3.781003211736767670e-05 8.715278106188719190e-04 3.790566011010944748e-05 6.032384287564991631e-07 1.230859496829788851e-05 4.038097813682927873e-06 -1.362830089559306747e-06 -4.071387835052299115e-07 3.268188047397920220e-03 3.100471909705222653e-03 3.154021285357996689e-03 1.617789088362969510e-06 -3.360108732549681502e-04 -5.059684750706359112e-04 5.076512488221838775e-06 7.377802119783422116e-06 6.545317400900553624e-07
8.882992367987809889e-07 1.608581624123519834e-05 6.032384287564991631e-07 2.372380420262183664e-08 2.244249581969167698e-07 1.248909477492853148e-07 -2.075501520229464976e-08 5.685007328453052617e-09 5.754183724291657393e-05 5.095771726498896683e-05 5.217887492940380292e-05 -1.521197566317796810e-06 -8.412531610746905634e-06 -1.195573500067458430e-05 2.596116741551189014e-08 -1.429288783592397421e-08 1.613427956330769793e-08
1.096636766920135506e-05 4.614029317306786926e-04 1.230859496829788851e-05 2.244249581969167698e-07 7.755539465506114912e-06 -3.611083119249372321e-06 -8.085646543380854486e-07 -6.481469720058396747e-07 4.129615375247241808e-03 3.919222348149502266e-03 3.996656008131452449e-03 -7.447818069791121108e-05 -5.225915748543680846e-04 -7.643786568123811954e-04 2.299454560934275737e-06 4.481451355086292364e-06 -9.446355116826740277e-07
8.198094831314559137e-05 -1.054439974555851416e-04 4.038097813682927873e-06 1.248909477492853148e-07 -3.611083119249372321e-06 4.745535091355779981e-05 2.939070372533129465e-07 -1.586454422322997825e-06 -2.590210959549388205e-03 -2.342602067719277287e-03 -2.472355204516476970e-03 8.700498455566115286e-06 2.892275814704478826e-04 4.288188596488545150e-04 -2.574046383766110866e-06 -3.069263250342545927e-06 -1.062219871072835252e-06
-1.279777180777856432e-06 -5.001952695856606704e-05 -1.362830089559306747e-06 -2.075501520229464976e-08 -8.085646543380854486e-07 2.939070372533129465e-07 1.442355258987098378e-07 5.862100959864077917e-08 -4.157033869306180399e-04 -3.918489003218457553e-04 -4.016643261243939104e-04 7.400707458581030599e-06 4.945920132930853254e-05 7.406749884281763334e-05 -2.922392738217000826e-07 -5.067641803458176536e-07 1.531088443403325323e-07
7.762029340684478527e-06 -2.999065074691248796e-05 -4.071387835052299115e-07 5.685007328453052617e-09 -6.481469720058396747e-07 -1.586454422322997825e-06 5.862100959864077917e-08 6.204612108634969931e-06 -3.020528230310751778e-04 -3.091132459763975280e-04 -3.732169915075709784e-04 2.220443582671853858e-05 5.679497367966894759e-05 1.008237917026009995e-04 -2.877090186003498064e-07 -2.777912022875852291e-07 2.156248985973255970e-07
2.914488805875058326e-03 2.484660351521501276e-01 3.268188047397920220e-03 5.754183724291657393e-05 4.129615375247241808e-03 -2.590210959549388205e-03 -4.157033869306180399e-04 -3.020528230310751778e-04 5.785650484965365159e+00 5.216721700696155040e+00 5.418142650926017545e+00 -1.852736646308826007e-01 -8.658093441741470109e-01 -1.233212306482104337e+00 6.293426956867866811e-04 2.438434617485289203e-03 -1.065926804881324810e-03
2.828140870975365002e-03 2.359620138316534665e-01 3.100471909705222653e-03 5.095771726498896006e-05 3.919222348149502266e-03 -2.342602067719277287e-03 -3.918489003218457553e-04 -3.091132459763975280e-04 5.216721700696155040e+00 5.278204404046331177e+00 5.230122112916796517e+00 -2.172693051617227977e-01 -8.680611346905396930e-01 -1.225396081548562499e+00 5.512236868969804752e-04 2.353809563895802124e-03 -1.198017500675517110e-03
2.614660524529370880e-03 2.401462822687771836e-01 3.154021285357996689e-03 5.217887492940380292e-05 3.996656008131452449e-03 -2.472355204516476970e-03 -4.016643261243939104e-04 -3.732169915075710326e-04 5.418142650926017545e+00 5.230122112916796517e+00 5.364920410042796739e+00 -2.178234696214568777e-01 -8.712383195377476630e-01 -1.229836040864703994e+00 5.446705045414800212e-04 2.355909912053772131e-03 -1.151173913991012559e-03
2.994267305113669357e-05 -4.171891397453835956e-03 1.617789088362969510e-06 -1.521197566317796810e-06 -7.447818069791121108e-05 8.700498455566116980e-06 7.400707458581030599e-06 2.220443582671854197e-05 -1.852736646308826007e-01 -2.172693051617227977e-01 -2.178234696214568777e-01 3.519401254770302551e-02 4.264168864640826423e-02 7.377297809051490407e-02 8.119955839896540598e-05 7.806503372396999261e-05 1.043838672376858085e-05
-2.809123012525075553e-04 -3.129823116999126686e-02 -3.360108732549681502e-04 -8.412531610746905634e-06 -5.225915748543680846e-04 2.892275814704478826e-04 4.945920132930853254e-05 5.679497367966894759e-05 -8.658093441741470109e-01 -8.680611346905396930e-01 -8.712383195377476630e-01 4.264168864640826423e-02 1.827755031750262216e-01 2.399797351299634007e-01 -4.491462030963758975e-06 -1.896490735448445441e-04 1.719536939000493975e-04
-3.660213915144776417e-04 -4.543012929046541526e-02 -5.059684750706359112e-04 -1.195573500067458430e-05 -7.643786568123811954e-04 4.288188596488545150e-04 7.406749884281763334e-05 1.008237917026009724e-04 -1.233212306482104337e+00 -1.225396081548562499e+00 -1.229836040864703994e+00 7.377297809051490407e-02 2.399797351299634007e-01 3.647758533208703691e-01 2.875905927530568597e-05 -2.537149108322143292e-04 2.281313584310831690e-04
6.464253049538857936e-07 1.521909454016069261e-04 5.076512488221838775e-06 2.596116741551189014e-08 2.299454560934275737e-06 -2.574046383766110866e-06 -2.922392738217000826e-07 -2.877090186003498064e-07 6.293426956867866811e-04 5.512236868969804752e-04 5.446705045414800212e-04 8.119955839896540598e-05 -4.491462030963758975e-06 2.875905927530568936e-05 1.447439709341529285e-05 6.673921279061028263e-06 -1.064268558052799372e-06
6.788035742361035419e-06 3.023135670660298925e-04 7.377802119783422116e-06 -1.429288783592397421e-08 4.481451355086292364e-06 -3.069263250342545927e-06 -5.067641803458176536e-07 -2.777912022875852291e-07 2.438434617485289203e-03 2.353809563895802124e-03 2.355909912053772131e-03 7.806503372396999261e-05 -1.896490735448445441e-04 -2.537149108322143292e-04 6.673921279061028263e-06 1.712034195238952921e-05 -3.168686791085034683e-07
-3.722784656296147695e-06 -4.412493537621029751e-05 6.545317400900553624e-07 1.613427956330769793e-08 -9.446355116826740277e-07 -1.062219871072835252e-06 1.531088443403325323e-07 2.156248985973255970e-07 -1.065926804881324810e-03 -1.198017500675517110e-03 -1.151173913991012559e-03 1.043838672376857408e-05 1.719536939000493704e-04 2.281313584310831147e-04 -1.064268558052799372e-06 -3.168686791085034683e-07 2.418378963318327558e-03
