# logA nnu ns ombh2 omch2 tau theta_MC_100 A_planck amp_143 amp_217 amp_143x217 n_143 n_217 n_143x217 calTE calEE Mb
2.071602018765285303e-04 8.661042639254783963e-04 3.857555113288171195e-05 9.174716974008756379e-07 1.026496454722120627e-05 8.119533041827222200e-05 -1.050859977275076858e-06 7.779423547932770870e-06 2.146817991265656880e-03 2.148180332129640165e-03 2.151055382036970443e-03 -3.628038546804975744e-05 -2.050261548790451884e-04 -3.424292947382427611e-04 -3.216357031901486485e-06 6.454554845203419617e-06 -2.090369492020713562e-06
8.661042639254783963e-04 2.623341958453423786e-02 7.948940845249123340e-04 1.532825062786127157e-05 4.076945427692347254e-04 -6.644613868136452217e-05 -4.569795675022688140e-05 -2.200943625838318389e-05 1.967060090583241938e-01 1.912344758434714742e-01 1.953514976189439090e-01 -3.644590752955958936e-03 -2.415975459204065812e-02 -3.588028978583312351e-02 1.274622162856879344e-04 2.809298890964307760e-04 4.079692787325058228e-04
3.857555113288171195e-05 7.948940845249123340e-04 3.643533387947891383e-05 5.744594575970677665e-07 1.106600753163859753e-05 5.574700300816184000e-06 -1.261097152721652512e-06 -2.842586027667137793e-07 1.678816793498343280e-03 1.747234128027850110e-03 1.763508971456837068e-03 -3.576311961783607908e-07 -8.164467623330342325e-05 -1.865026440876815567e-04 3.662631100051165913e-06 6.625497188549377833e-06 1.215038699012993759e-05
9.174716974008756379e-07 1.532825062786127157e-05 5.744594575970677665e-07 2.407986653871874293e-08 2.067458799988312851e-07 1.622651252937505307e-07 -1.959528280338001409e-08 4.885748727325120758e-09 5.513583527354933499e-05 5.381949777857199084e-05 5.655047933696198090e-05 -3.714237591791067828e-06 -8.284361613429420528e-06 -1.362842727580947443e-05 -3.802937905459081285e-09 -9.383323930857125119e-09 8.391070012284755053e-09
1.026496454722120627e-05 4.076945427692347254e-04 1.106600753163859753e-05 2.067458799988312851e-07 6.872779188311570028e-06 -3.002942308870192340e-06 -7.371605874787371751e-07 -5.807398626612274558e-07 3.202249505373289118e-03 3.090805760409791846e-03 3.166720209142450358e-03 -5.686013736126929204e-05 -3.907657537578722567e-04 -5.813889800513439643e-04 2.070828694914857677e-06 4.183774476813249699e-06 6.456163289502882868e-06
8.119533041827222200e-05 -6.644613868136453572e-05 5.574700300816184000e-06 1.622651252937505307e-07 -3.002942308870192340e-06 4.594799878167506077e-05 3.329258998787406235e-07 -1.385672690489066828e-06 -2.079830858723930465e-03 -1.864429633517615450e-03 -1.906751253709330820e-03 -2.827761454433934377e-05 1.915525644354918605e-04 2.713279085843735088e-04 -3.942482485338881621e-06 -2.863032064153413977e-06 -7.016473020617156291e-06
-1.050859977275076858e-06 -4.569795675022688140e-05 -1.261097152721652512e-06 -1.959528280338001409e-08 -7.371605874787371751e-07 3.329258998787406235e-07 1.385670513793067262e-07 5.258917777604784952e-08 -3.329382028781063666e-04 -3.257305616017671930e-04 -3.302921192536584769e-04 4.807259612570483615e-06 4.068113642063714199e-05 6.014539144924635695e-05 -2.704735128767532096e-07 -4.672522546104900257e-07 -8.058766376744170994e-07
7.779423547932770870e-06 -2.200943625838318389e-05 -2.842586027667137793e-07 4.885748727325120758e-09 -5.807398626612274558e-07 -1.385672690489066828e-06 5.258917777604784952e-08 6.035347864804498800e-06 1.084929956043339683e-05 -4.382271420213288782e-05 -8.383974190987365934e-05 -1.075112356034135024e-06 1.237506015912105488e-05 3.525723888876305788e-05 -5.427626666384061983e-07 -4.702153887566881849e-07 -2.554980313632948066e-06
2.146817991265656880e-03 1.967060090583241938e-01 1.678816793498343280e-03 5.513583527354933499e-05 3.202249505373289118e-03 -2.079830858723930465e-03 -3.329382028781063666e-04 1.084929956043339683e-05 5.385513995319596958e+00 4.868482408731825473e+00 5.103546350402976550e+00 -1.871464528891010060e-01 -8.283737902723442570e-01 -1.167007269200108777e+00 6.188294798161250851e-04 1.992274548570181075e-03 3.973587881052029723e-03
2.148180332129639731e-03 1.912344758434714742e-01 1.747234128027850110e-03 5.381949777857199084e-05 3.090805760409792279e-03 -1.864429633517615450e-03 -3.257305616017671930e-04 -4.382271420213289459e-05 4.868482408731825473e+00 5.022275407978658457e+00 4.979859383154913388e+00 -2.255210592937843816e-01 -8.494280714035923330e-01 -1.183641244192292552e+00 5.868081494249039517e-04 1.953547386769911593e-03 4.270251944093520456e-03
2.151055382036970443e-03 1.953514976189439090e-01 1.763508971456837068e-03 5.655047933696198090e-05 3.166720209142450358e-03 -1.906751253709330820e-03 -3.302921192536584769e-04 -8.383974190987368645e-05 5.103546350402976550e+00 4.979859383154913388e+00 5.137549522354388998e+00 -2.279519663535883034e-01 -8.525396688240747256e-01 -1.189878637609166789e+00 5.612288769068557101e-04 1.981838834314986978e-03 4.502775378896161501e-03
-3.628038546804975066e-05 -3.644590752955958936e-03 -3.576311961783607908e-07 -3.714237591791067828e-06 -5.686013736126929204e-05 -2.827761454433934038e-05 4.807259612570483615e-06 -1.075112356034134389e-06 -1.871464528891010060e-01 -2.255210592937843816e-01 -2.279519663535883311e-01 3.920982223865169397e-02 4.609684033153309962e-02 7.940903070821807297e-02 5.635841575513753646e-05 6.920812191163319205e-05 -9.156858483736056182e-06
-2.050261548790451613e-04 -2.415975459204066506e-02 -8.164467623330342325e-05 -8.284361613429422222e-06 -3.907657537578722567e-04 1.915525644354918605e-04 4.068113642063714199e-05 1.237506015912105488e-05 -8.283737902723442570e-01 -8.494280714035923330e-01 -8.525396688240747256e-01 4.609684033153309962e-02 1.831096147978493460e-01 2.389391387070330386e-01 -3.520442742148267861e-07 -1.211320836579130131e-04 -7.321860608281832153e-04
-3.424292947382427069e-04 -3.588028978583312351e-02 -1.865026440876816109e-04 -1.362842727580947443e-05 -5.813889800513439643e-04 2.713279085843735088e-04 6.014539144924635695e-05 3.525723888876306465e-05 -1.167007269200108777e+00 -1.183641244192292552e+00 -1.189878637609166789e+00 7.940903070821807297e-02 2.389391387070330386e-01 3.597973220821736873e-01 1.574725369253004710e-05 -1.944966984852042758e-04 -9.473542438768940178e-04
-3.216357031901486485e-06 1.274622162856879344e-04 3.662631100051165913e-06 -3.802937905459081285e-09 2.070828694914857677e-06 -3.942482485338881621e-06 -2.704735128767532096e-07 -5.427626666384061983e-07 6.188294798161250851e-04 5.868081494249037348e-04 5.612288769068557101e-04 5.635841575513753646e-05 -3.520442742148124924e-07 1.574725369253004032e-05 1.359949152498893145e-05 6.087339681898175513e-06 2.753433693429747998e-06
6.454554845203419617e-06 2.809298890964307760e-04 6.625497188549377833e-06 -9.383323930857125119e-09 4.183774476813249699e-06 -2.863032064153413977e-06 -4.672522546104900257e-07 -4.702153887566881849e-07 1.992274548570181509e-03 1.953547386769911593e-03 1.981838834314986978e-03 6.920812191163319205e-05 -1.211320836579130402e-04 -1.944966984852042487e-04 6.087339681898175513e-06 1.700603714946416503e-05 9.618947833911975503e-06
-2.090369492020713562e-06 4.079692787325058228e-04 1.215038699012993759e-05 8.391070012284755053e-09 6.456163289502882868e-06 -7.016473020617155444e-06 -8.058766376744170994e-07 -2.554980313632948066e-06 3.973587881052030590e-03 4.270251944093520456e-03 4.502775378896161501e-03 -9.156858483735998583e-06 -7.321860608281832153e-04 -9.473542438768939094e-04 2.753433693429747998e-06 9.618947833911975503e-06 2.289352463045817975e-03
