# logA nnu ns ombh2 omch2 tau theta_MC_100 A_planck amp_143 amp_217 amp_143x217 n_143 n_217 n_143x217 calTE calEE Mb
2.094519416432426122e-04 8.761826440379050186e-04 4.108780729012283402e-05 9.342443749078530011e-07 1.024341736850896383e-05 8.243657148103542172e-05 -1.120366805746212598e-06 7.419553090906561531e-06 3.782445409569370879e-04 4.400967775147613509e-05 6.167013300378361613e-05 6.850904895024608247e-05 2.210514796126113125e-04 2.427610896702341037e-04 1.033515681310431814e-06 6.364674090946967644e-06 -2.094214372196578981e-05
8.761826440379050186e-04 2.859506410633980492e-02 8.731750480897288282e-04 1.569713596116317108e-05 4.433193917488296803e-04 -9.259947956993512682e-05 -4.910221874360055618e-05 -3.349836644403169088e-05 2.131994167710888899e-01 2.108117661762667350e-01 2.134322585427241570e-01 -3.296900530779775778e-03 -2.677799475536257398e-02 -4.023470677348382069e-02 1.958608147583706732e-04 3.473461260357047723e-04 -8.855575337224626882e-05
4.108780729012283402e-05 8.731750480897288282e-04 3.951542162056323411e-05 6.078812871521495879e-07 1.219643744675450764e-05 5.278123611138341352e-06 -1.367158834149551899e-06 -1.345302247592108966e-07 2.095415771600257424e-03 2.150529367420318978e-03 2.150051170298076467e-03 3.130402322474908631e-05 -1.429643735586141721e-04 -2.327415135243590899e-04 6.445288518958617682e-06 8.387745264842793596e-06 -9.801884216426843237e-06
9.342443749078530011e-07 1.569713596116317108e-05 6.078812871521495879e-07 2.365895748428043664e-08 2.163830239134517290e-07 1.518029440460234904e-07 -2.289623156338059820e-08 8.411270516490227879e-09 3.375131642412996976e-05 3.433525765223573081e-05 3.438378876910047632e-05 -1.376400926669326111e-06 -4.637644911875633268e-06 -7.970434688434512233e-06 5.222823057702553522e-08 1.603813235074045800e-09 -3.999874463317854228e-07
1.024341736850896383e-05 4.433193917488296803e-04 1.219643744675450764e-05 2.163830239134517290e-07 7.409007014075815328e-06 -3.518682277422301254e-06 -7.836215454848302419e-07 -7.298308372786017723e-07 3.466806769264315236e-03 3.453002836996112331e-03 3.491487484362065363e-03 -5.481431571960606523e-05 -4.375324580125894685e-04 -6.558633478475813785e-04 2.932345006421822685e-06 5.154279553837650980e-06 -1.091120481160719516e-06
8.243657148103542172e-05 -9.259947956993512682e-05 5.278123611138341352e-06 1.518029440460234904e-07 -3.518682277422301254e-06 4.732446643851475487e-05 3.110924325710887732e-07 -1.537965016275181178e-06 -2.824754249248280502e-03 -2.911428588193481961e-03 -2.901722300731029731e-03 7.749986515615372844e-07 3.781541370766218751e-04 5.178958408879667753e-04 -3.207487008210725369e-06 -4.154301885182425630e-06 -9.258272637699581977e-06
-1.120366805746212598e-06 -4.910221874360055618e-05 -1.367158834149551899e-06 -2.289623156338059820e-08 -7.836215454848302419e-07 3.110924325710887732e-07 1.408139722560458413e-07 9.724507139485249593e-08 -3.602882644840568380e-04 -3.617391660146564766e-04 -3.627758492047307003e-04 6.241394696620346920e-06 4.648177596740148343e-05 7.110044215034591142e-05 -3.478305090576903075e-07 -5.771390755402924837e-07 -4.053568022745975642e-07
7.419553090906561531e-06 -3.349836644403169088e-05 -1.345302247592108966e-07 8.411270516490227879e-09 -7.298308372786017723e-07 -1.537965016275181178e-06 9.724507139485249593e-08 6.052650695092491827e-06 -4.156550200970962595e-04 -4.446678888041036564e-04 -4.925071326792578724e-04 2.266271946899287061e-05 8.822370819974987329e-05 1.422668016491201559e-04 -3.126914775542546198e-07 -4.229294493988830638e-07 1.164426847162613705e-06
3.782445409569371421e-04 2.131994167710888899e-01 2.095415771600257424e-03 3.375131642412996976e-05 3.466806769264315236e-03 -2.824754249248280502e-03 -3.602882644840568380e-04 -4.156550200970964221e-04 5.667640356519473954e+00 5.172893485122413537e+00 5.375407830421267796e+00 -1.833907124116400111e-01 -8.744290629445925500e-01 -1.303350366983882624e+00 7.338231287405731990e-04 2.738421349101417910e-03 4.580041805787190418e-03
4.400967775147613509e-05 2.108117661762667350e-01 2.150529367420318978e-03 3.433525765223573081e-05 3.453002836996112331e-03 -2.911428588193481527e-03 -3.617391660146564766e-04 -4.446678888041037648e-04 5.172893485122413537e+00 5.372412050700975605e+00 5.290296389148993583e+00 -2.223180740730898441e-01 -9.034136138237250924e-01 -1.327079421943633264e+00 6.843471508372386131e-04 2.503131033501550945e-03 3.962266091460863934e-03
6.167013300378376521e-05 2.134322585427241570e-01 2.150051170298076467e-03 3.438378876910047632e-05 3.491487484362064495e-03 -2.901722300731029731e-03 -3.627758492047307003e-04 -4.925071326792578724e-04 5.375407830421267796e+00 5.290296389148994471e+00 5.410233543815968105e+00 -2.204207297741699600e-01 -8.988979213913702582e-01 -1.325158811606909071e+00 7.054515958938897390e-04 2.614174463876419406e-03 4.475933503191259141e-03
6.850904895024608247e-05 -3.296900530779775778e-03 3.130402322474908631e-05 -1.376400926669326111e-06 -5.481431571960607201e-05 7.749986515615420489e-07 6.241394696620346920e-06 2.266271946899287061e-05 -1.833907124116399834e-01 -2.223180740730898441e-01 -2.204207297741699878e-01 3.657710636090039102e-02 4.196607774811059177e-02 7.530588593735794423e-02 9.978125639294253401e-05 9.104721268698276926e-05 3.093824251645000420e-05
2.210514796126112312e-04 -2.677799475536257398e-02 -1.429643735586141179e-04 -4.637644911875633268e-06 -4.375324580125894685e-04 3.781541370766218751e-04 4.648177596740147666e-05 8.822370819974985974e-05 -8.744290629445925500e-01 -9.034136138237250924e-01 -8.988979213913702582e-01 4.196607774811059177e-02 1.920019984658108969e-01 2.637942822811614185e-01 3.895318265580648155e-06 -1.914303044648621780e-04 -8.133434579349630702e-04
2.427610896702342392e-04 -4.023470677348382069e-02 -2.327415135243591441e-04 -7.970434688434510539e-06 -6.558633478475813785e-04 5.178958408879667753e-04 7.110044215034591142e-05 1.422668016491201559e-04 -1.303350366983882624e+00 -1.327079421943633264e+00 -1.325158811606909071e+00 7.530588593735794423e-02 2.637942822811614185e-01 4.172853117130339018e-01 3.699310971742189813e-05 -2.483234950048662532e-04 -9.918291218049717691e-04
1.033515681310431814e-06 1.958608147583706732e-04 6.445288518958617682e-06 5.222823057702553522e-08 2.932345006421822685e-06 -3.207487008210725369e-06 -3.478305090576903075e-07 -3.126914775542546198e-07 7.338231287405731990e-04 6.843471508372386131e-04 7.054515958938896306e-04 9.978125639294253401e-05 3.895318265580648155e-06 3.699310971742189813e-05 1.427885087596603556e-05 7.040159181869099854e-06 6.130670723062346932e-06
6.364674090946967644e-06 3.473461260357047723e-04 8.387745264842793596e-06 1.603813235074045800e-09 5.154279553837650980e-06 -4.154301885182425630e-06 -5.771390755402924837e-07 -4.229294493988830638e-07 2.738421349101417910e-03 2.503131033501550945e-03 2.614174463876419406e-03 9.104721268698276926e-05 -1.914303044648621780e-04 -2.483234950048663074e-04 7.040159181869099854e-06 1.907760987968004976e-05 9.617161396615878238e-07
-2.094214372196578981e-05 -8.855575337224626882e-05 -9.801884216426843237e-06 -3.999874463317854228e-07 -1.091120481160719516e-06 -9.258272637699580283e-06 -4.053568022745975642e-07 1.164426847162613705e-06 4.580041805787190418e-03 3.962266091460863934e-03 4.475933503191259141e-03 3.093824251645003808e-05 -8.133434579349630702e-04 -9.918291218049715523e-04 6.130670723062346932e-06 9.617161396615878238e-07 2.298381580679951554e-03
