# logA nnu ns ombh2 omch2 tau theta_MC_100 A_planck amp_143 amp_217 amp_143x217 n_143 n_217 n_143x217 calTE calEE Mb
2.201757265384584629e-04 9.439902676168123027e-04 4.091200803207748247e-05 1.059538438957745522e-06 1.153806288293662060e-05 8.489740627485239401e-05 -1.159967053335352130e-06 7.833027522619562144e-06 1.620867600767212898e-03 8.103153375357446172e-04 9.172428532906195565e-04 1.583459080036908747e-04 5.186172858637449730e-05 -5.735170602083454212e-05 -1.242140570392824798e-06 8.553595405707607827e-06 -1.370052386879752485e-05
9.439902676168123027e-04 2.775480846087614167e-02 8.164366204752951947e-04 1.620479315436749095e-05 4.361100459471916593e-04 -8.482046983310192578e-05 -4.909965563091551002e-05 -5.481139981972658099e-06 2.316297659574051149e-01 2.162391003371052500e-01 2.242542321998463872e-01 -4.673457416169964594e-03 -2.877796039948153639e-02 -4.336907919975319103e-02 9.552404466553212584e-05 2.714474651749978779e-04 -2.517574557781906020e-04
4.091200803207748247e-05 8.164366204752951947e-04 3.705567041264210497e-05 6.098456737602858136e-07 1.143406088016872717e-05 5.384512064079041305e-06 -1.283919672172647867e-06 3.158304419084788892e-07 2.230441404955279486e-03 1.849529650292951145e-03 2.038261810879260418e-03 3.180503059425975558e-05 -1.433243154862496043e-04 -3.058273203987580866e-04 2.926958429871416873e-06 6.200967121360007701e-06 -1.022576654844851897e-05
1.059538438957745522e-06 1.620479315436749095e-05 6.098456737602858136e-07 2.501506941811516768e-08 2.222018584529380120e-07 1.861961098013585288e-07 -2.197799972239526482e-08 1.701508576122561237e-08 4.720345020707333774e-05 3.861494703559710556e-05 4.120643533086750313e-05 -1.239547294136083449e-06 -5.613790523950887626e-06 -8.944452355114181462e-06 -1.109384712311316754e-08 -7.848113133349677183e-09 -2.873730570915538690e-07
1.153806288293662060e-05 4.361100459471916593e-04 1.143406088016872717e-05 2.222018584529380120e-07 7.414532282057085693e-06 -3.415760860905697474e-06 -8.019561547273335209e-07 -2.934352897321377682e-07 3.827318154927318496e-03 3.582609770265922280e-03 3.719162922525880589e-03 -7.649196534743634335e-05 -4.725738922607294434e-04 -7.110107431319036535e-04 1.527262693075242632e-06 3.989504455863351299e-06 -2.506257969815410602e-06
8.489740627485239401e-05 -8.482046983310192578e-05 5.384512064079041305e-06 1.861961098013585288e-07 -3.415760860905697474e-06 4.799543955102564014e-05 3.688534753889449596e-07 -1.491378614834136188e-06 -3.239956458052032501e-03 -3.221611669422517945e-03 -3.291886079460711826e-03 9.693157113474406943e-05 4.304471600304536584e-04 5.904444070847149773e-04 -2.516898081789273048e-06 -1.413214566451810742e-06 -5.157947990195712900e-06
-1.159967053335352130e-06 -4.909965563091551002e-05 -1.283919672172647867e-06 -2.197799972239526482e-08 -8.019561547273335209e-07 3.688534753889449067e-07 1.478037781074405508e-07 4.956903108789935384e-08 -4.194022849053342223e-04 -3.918524701174513035e-04 -4.090591685110960018e-04 9.070550047087632951e-06 5.144577432974215079e-05 7.741523642780595235e-05 -2.127840537237663750e-07 -4.468401078339452963e-07 3.927696140577123436e-07
7.833027522619562144e-06 -5.481139981972658099e-06 3.158304419084788892e-07 1.701508576122561237e-08 -2.934352897321377682e-07 -1.491378614834136188e-06 4.956903108789935384e-08 5.790628342791119230e-06 2.644650092112926136e-04 1.314110002477206327e-04 1.084268932203169333e-04 -6.310457054441680502e-06 -2.216233168821867526e-05 -3.001380173173777684e-05 -4.825577003290700990e-07 -4.884437864435992748e-07 6.690728052893144851e-07
1.620867600767212898e-03 2.316297659574051149e-01 2.230441404955279486e-03 4.720345020707333774e-05 3.827318154927318496e-03 -3.239956458052032501e-03 -4.194022849053342223e-04 2.644650092112926136e-04 6.306233537502262898e+00 5.700346238386956976e+00 5.951041095290625194e+00 -2.359936992861529637e-01 -9.759504023517362459e-01 -1.412806797578158191e+00 1.085903829673202380e-06 2.162389317553251294e-03 -1.502833328192613570e-03
8.103153375357449425e-04 2.162391003371052223e-01 1.849529650292951145e-03 3.861494703559710556e-05 3.582609770265922280e-03 -3.221611669422517945e-03 -3.918524701174513035e-04 1.314110002477206869e-04 5.700346238386956976e+00 5.754176062331084474e+00 5.739289503471898257e+00 -2.700422157052276839e-01 -9.787879370569025905e-01 -1.405561122987347478e+00 -4.718240756296294183e-05 1.985614315364747466e-03 -1.711124726685451895e-03
9.172428532906197734e-04 2.242542321998463872e-01 2.038261810879260418e-03 4.120643533086750313e-05 3.719162922525880589e-03 -3.291886079460711826e-03 -4.090591685110960018e-04 1.084268932203169333e-04 5.951041095290625194e+00 5.739289503471898257e+00 5.917948496253712776e+00 -2.709669943301393213e-01 -9.879444957370596692e-01 -1.416506229976085995e+00 -1.867487452414564990e-05 2.112199803672654835e-03 -1.478189401257146846e-03
1.583459080036909018e-04 -4.673457416169964594e-03 3.180503059425975558e-05 -1.239547294136083873e-06 -7.649196534743634335e-05 9.693157113474404232e-05 9.070550047087632951e-06 -6.310457054441679655e-06 -2.359936992861529637e-01 -2.700422157052276839e-01 -2.709669943301393213e-01 3.959794267151442448e-02 5.255954513545910145e-02 8.797065376794896419e-02 7.087781236400472523e-05 4.265128889971082400e-05 6.742545329056377486e-05
5.186172858637451763e-05 -2.877796039948153639e-02 -1.433243154862496043e-04 -5.613790523950887626e-06 -4.725738922607294434e-04 4.304471600304536584e-04 5.144577432974215079e-05 -2.216233168821866171e-05 -9.759504023517362459e-01 -9.787879370569025905e-01 -9.879444957370596692e-01 5.255954513545910145e-02 2.068263973437651781e-01 2.806112613735003425e-01 9.935117351337714655e-05 -1.325801185641924346e-04 2.875208535166147374e-04
-5.735170602083456245e-05 -4.336907919975319103e-02 -3.058273203987579782e-04 -8.944452355114181462e-06 -7.110107431319036535e-04 5.904444070847149773e-04 7.741523642780595235e-05 -3.001380173173776668e-05 -1.412806797578158413e+00 -1.405561122987347478e+00 -1.416506229976085995e+00 8.797065376794896419e-02 2.806112613735003425e-01 4.316203085935970130e-01 1.166779688336620129e-04 -2.163152897898890981e-04 4.552978329561113810e-04
-1.242140570392824798e-06 9.552404466553212584e-05 2.926958429871416873e-06 -1.109384712311316754e-08 1.527262693075242632e-06 -2.516898081789273048e-06 -2.127840537237663750e-07 -4.825577003290700990e-07 1.085903829673202380e-06 -4.718240756296290117e-05 -1.867487452414569055e-05 7.087781236400472523e-05 9.935117351337714655e-05 1.166779688336620400e-04 1.318811990475359270e-05 5.849533689502125563e-06 -7.897682934695131066e-06
8.553595405707607827e-06 2.714474651749978237e-04 6.200967121360007701e-06 -7.848113133349677183e-09 3.989504455863351299e-06 -1.413214566451810742e-06 -4.468401078339452963e-07 -4.884437864435992748e-07 2.162389317553251294e-03 1.985614315364747466e-03 2.112199803672655269e-03 4.265128889971082400e-05 -1.325801185641924346e-04 -2.163152897898890981e-04 5.849533689502125563e-06 1.691848817646008816e-05 2.049337333255957071e-06
-1.370052386879752485e-05 -2.517574557781906020e-04 -1.022576654844851897e-05 -2.873730570915538690e-07 -2.506257969815410602e-06 -5.157947990195711206e-06 3.927696140577123436e-07 6.690728052893144851e-07 -1.502833328192614221e-03 -1.711124726685451895e-03 -1.478189401257147496e-03 6.742545329056377486e-05 2.875208535166147916e-04 4.552978329561112726e-04 -7.897682934695131066e-06 2.049337333255957071e-06 2.466042470673586364e-03
